gories
Markets
Supply Levels
Current Price
Demand Levels
Futures	Spot Forex	ETFs
NASDAQ (NQ)	S&P (ES)	Russell 2000 (TF)	Dow Mini (YM)	German Index (DAX)	Nikkei 225 (NK)	Ten yr note (TY)	Comex Gold (GC)	Silver (SI)	Copper (HG)	Crude Oil (CL)	Natural Gas (NG)	Corn (C)	Soybean (S)	Euro/USD (EC)	Yen (JY)	Aussie/USD (AD)	US Dollar (DXY)	(EURUSD)	(USDJPY)	(GBPUSD)	(AUDUSD)	(USDCAD)	(EURJPY)	NASDAQ (QQQ)	S&P (SPY)	Russell 2000 (IWM)	20 Year Bond (TLT)	Oil (USO)	Gold (GLD)	Natural Gas (UNG)	Energy (XLE)	Financial (XLF)	Healthcare (XLV)	Japan (EWJ)
4750
4720
New
Highs
1265
1217
18297
18264
12,395
12,250
19,222
18,765
134.31
134.11
1621
1570
19.00
18.55
2.573
2.513
62.00
58.50
3.230
3.134
521.5
499.2
1450
1417
1.2935
1.2850
1.1010
1.0795
.8780
.8600
109.40
106.30
1.2285
1.2155
125.45
124.25
1.5410
1.5375
.8625
.8522
1.3750
1.3690
133.87
132.79
120.70
116.00
214.00
213.40
124.00
121.15
138.65
137.35
29.50
28.45
133.50
128.80
8.65
8.35
79.60
78.15
24.85
24.50
76.50
75.58
13.20
12.80
4676.00
4664.50
2125.00
2120.75
1189
1173
18160
18142
10,935
10,893
18,225
18,100
133.08
133.04
1312
1305
18.25
18.00
2.480
2.460
46.75
46.33
2.650
2.613

446.7
444.1
1046.0
1039.7
1.1885
1.1800
0.9665
0.9505
.7980
.7960
99.75
99.45
1.1635
1.1575
117.65
116.72
1.4860
1.4815
.8079
.8065
1.3560
1.3517
129.70
129.39
115.90
115.10
212.75
212.45
116.75
115,75
134.65
134.58
13.25
13.13
124.00
123.40
8.00
7.70
71.25
70.42
24.10
23.95
74.85
74.25
12.70
12.50
4503.00
4494.25

2106
2102

1154.70
1148.30

18070
18040

10,792
10,765
18,230
17,994
130.04
130.01
1260.50
1257.50

17.73
17.60
2.382
2.362
45.70
45.30
2.412
2.370

382.7
379.1

1026.5
1019.6

1.1370
1.1350

0.9228
0.9185

.7903
.7873
95.55
95.35
1.1319
1.1295

112.80
112.35

1.4570
1.4550
.7840
.7809
1.2830
1.2805

126.55
126.25

112.80
112.05
212.20
211.80
114.70
114.37
131.60
130.80
11.70
11.50
121.75
121.25
7.90
7.75

68.40
67.85
24.10
23.93

72.60
72.25
12.45
12.35

4393
4387
2064*
2061
1116.70
1114.00
17809
17790
10,117
10,095
17,149
17,090
128.30
128.27
1176.80*
1171.00
15.77
15.55
2.110
2.105
40.65
40.35

1.865
1.845
359.4
356.0

922.7
918.0
1.1223
1.1213
0.8905
0.8890
.7647*
.7633

94.32
94.20
1.1180*
1.1155
107.55
107.45
1.4277
1.4255

.7610
.7580
1.2501
1.2465
123.28*
122.95

107.65
107.35
207.85
207.60
111.75
111.50
126.23
125.60
10.25
10.10
116.90
116.60

6.22
6.14
64.58
64.25
22.75
22.60
69.50
69.25
11.48
11.40
4283
4271
2056.50
2052.00
1028.50
1023.00
17685
17659
9460
9440
16,260
16,180
127.18
126.31
1144.50
1136.00
13.25
13.05
2.033
2.022
34.70
33.40
1.665
1.653
328
324
687
643
1.0780
1.0760
0.8870
0.8865
.7225
.7190
90.30
89.60
1.1085
1.1055
107.00
106.55
1.3775
1.3750
.7362
.7335
1.2356
1.2315
120.80
120.50
104.55
104.20
203.15
202.70
111.15
110.80
123.00
122.70
10.00
9.90
109.30
108.70
6.08
5.95
58.55
58.00
20.99
20.70
66.00
65.75
10.35
10.15
3393
3305
2011
1994
915
890
17137
17020
7963
7743
11,910
11,549
117.05
116.08
1008
983
11.19
10.31
1.520
1.400
21.75
17.30
1.630
1.610
318
302
550
500
0.9922
0.9593
0.7848
0.7770
.6197
.5990
85.25
84.50
1.0108
1.0050
98.90
97.00
1.3650
1.3500
.6382
.6235
1.1669
1.1520
118.50
118.20
96.55
95.00
194.95
193.25
103.50
102.40
118.55
117.60
8.05
7.85
108.15
107.25
5.75
5.60
52.25
49.75
19.85
19.50
56.95
55.35
9.40
9.10
Legend: A
